{"matrizZ": [[27.141568981064022, 26.330027051397654, 16.501352569882776, 32.91253381424707, 44.54463480613165, 36.15870153291254, 35.34715960324617, 39.13435527502254, 49.14337240757439, 47.790802524797115, 42.83137962128043, 37.240757439134356, 28.85482416591524, 26.78088367899008, 29.035166816952206, 32.281334535617674, 37.78178539224527, 35.34715960324617, 37.51127141568981, 41.8394950405771], [12.984670874661857, 22.903516681695223, 30.748422001803426, 40.21641118124437, 37.962128043282235, 31.28944995491434, 42.74120829576194, 42.83137962128043, 32.82236248872859, 33.81424706943192, 46.077547339945895, 34.71596032461677, 31.55996393146979, 25.247971145175836, 26.239855725879167, 31.109107303877366, 33.27321911632101, 32.281334535617674, 34.08476104598738, 33.63390441839495], [13.615870153291254, 18.665464382326423, 17.853922452660054, 19.837691614066728, 19.92786293958521, 19.56717763751127, 26.600541027953113, 27.051397655545532, 28.133453561767357, 32.01082055906222, 41.56898106402164, 44.093778178539225, 37.330928764652846, 26.420198376916144, 23.17403065825068, 25.969341749323714, 26.96122633002705, 28.313796212804327, 29.39585211902615, 29.666366095581605], [11.81244364292155, 16.771866546438233, 26.239855725879167, 23.354373309287645, 24.346257889990984, 23.17403065825068, 23.08385933273219, 21.731289449954915, 29.846708746618578, 30.387736699729484, 27.68259693417493, 25.87917042380523, 26.600541027953113, 21.550946798917945, 21.10009017132552, 22.54283137962128, 24.436429215509467, 24.887285843101896, 25.60865644724977, 25.788999098286748], [12.353471596032461, 10.279531109107303, 14.78809738503156, 23.264201983769162, 29.666366095581605, 34.17493237150586, 20.559062218214606, 19.74752028854824, 24.61677186654644, 20.91974752028855, 27.051397655545532, 24.526600541027953, 22.272317403065824, 19.296663660955815, 19.74752028854824, 19.74752028854824, 21.641118124436428, 21.911632100991884, 22.00180342651037, 22.272317403065824], [13.165013525698827, 9.467989179440938, 15.238954012623985, 20.468890892696123, 31.28944995491434, 29.57619477006312, 24.436429215509467, 18.935978358881876, 20.28854824165915, 18.214607754733994, 21.46077547339946, 21.28043282236249, 17.583408476104598, 17.853922452660054, 17.583408476104598, 17.493237150586115, 18.755635707844906, 19.296663660955815, 19.116321009918845, 19.296663660955815], [17.673579801623085, 8.205590622182147, 8.476104598737603, 14.697926059513074, 27.77276825969342, 26.600541027953113, 24.346257889990984, 18.665464382326423, 14.337240757439135, 18.394950405770967, 17.132551848512172, 15.1487826871055, 15.238954012623985, 15.779981965734896, 16.05049594229035, 16.501352569882776, 15.50946798917944, 15.87015329125338, 16.501352569882776, 17.493237150586115], [15.689810640216411, 6.943192064923355, 6.762849413886383, 9.918845807033364, 25.247971145175836, 21.46077547339946, 19.837691614066728, 18.394950405770967, 14.066726780883679, 12.804328223624886, 12.804328223624886, 12.804328223624886, 14.156898106402164, 14.156898106402164, 14.96844003606853, 13.345356176735798, 15.238954012623985, 14.42741208295762, 15.960324616771867, 19.296663660955815], [15.599639314697928, 6.311992786293959, 6.221821460775474, 14.878268710550044, 24.887285843101896, 22.36248872858431, 15.1487826871055, 14.337240757439135, 10.9107303877367, 11.27141568981064, 10.9107303877367, 12.353471596032461, 12.263300270513977, 12.443642921550948, 12.533814247069433, 12.714156898106403, 13.255184851217313, 13.074842200180342, 14.517583408476103, 17.673579801623085], [13.796212804328222, 9.558160504959423, 5.049594229035167, 11.541929666366094, 22.00180342651037, 20.108205590622184, 18.755635707844906, 14.878268710550044, 10.73038773669973, 9.287646528403966, 9.558160504959423, 10.009017132551849, 10.459873760144275, 10.55004508566276, 11.27141568981064, 10.820559062218214, 11.632100991884581, 12.714156898106403, 14.607754733994591, 17.763751127141568], [10.36970243462579, 8.025247971145175, 4.328223624887286, 4.598737601442742, 15.1487826871055, 16.140667267808837, 13.345356176735798, 10.9107303877367, 10.36970243462579, 8.746618575293057, 8.476104598737603, 8.926961226330027, 9.377817853922453, 9.648331830477908, 9.828674481514877, 9.738503155996394, 10.279531109107303, 13.345356176735798, 16.05049594229035, 19.657348963029754], [7.484220018034265, 3.4265103697024344, 3.5166816952209197, 12.353471596032461, 13.345356176735798, 9.377817853922453, 8.385933273219116, 6.672678088367899, 6.762849413886383, 6.582506762849413, 7.123534715960325, 7.664562669071236, 8.205590622182147, 8.11541929666366, 8.836789900811542, 12.353471596032461, 15.329125338142472, 16.140667267808837, 16.05049594229035, 18.034265103697024], [2.3444544634806133, 2.6149684400360687, 2.254283137962128, 2.7953110910730388, 5.139765554553652, 3.606853020739405, 3.87736699729486, 4.869251577998197, 4.959422903516682, 5.500450856627593, 6.131650135256988, 6.853020739404869, 8.29576194770063, 17.763751127141568, 16.05049594229035, 16.68169522091975, 19.92786293958521, 22.72317403065825, 26.149684400360684, 29.756537421100088], [1.6230838593327321, 1.7132551848512172, 1.8935978358881875, 2.3444544634806133, 6.221821460775474, 15.599639314697928, 22.54283137962128, 20.91974752028855, 23.264201983769162, 16.140667267808837, 20.37871956717764, 19.56717763751127, 22.813345356176736, 23.715058611361588, 17.22272317403066, 19.74752028854824, 22.813345356176736, 31.28944995491434, 37.42110009017133, 50.04508566275925], [5.5906221821460775, 4.2380522993688015, 4.2380522993688015, 6.4923354373309285, 10.279531109107303, 19.47700631199279, 23.805229936880075, 19.47700631199279, 28.4941388638413, 28.85482416591524, 26.510369702434627, 37.69161406672678, 39.04418394950406, 28.4941388638413, 18.665464382326423, 22.54283137962128, 26.239855725879167, 34.35527502254283, 43.733092876465285, 53.832281334535615], [21.46077547339946, 14.337240757439135, 10.009017132551849, 5.229936880072137, 15.329125338142472, 13.615870153291254, 29.035166816952206, 33.543733092876465, 41.2082957619477, 34.08476104598738, 34.5356176735798, 30.928764652840396, 33.092876465284036, 32.91253381424707, 22.452660054102797, 24.256086564472497, 24.887285843101896, 31.74030658250676, 43.6429215509468, 46.979260595130754], [26.600541027953113, 31.920649233543735, 10.640216411181244, 1.532912533814247, 0.8115419296663661, 1.2623985572587917, 8.476104598737603, 16.23083859332732, 27.77276825969342, 53.38142470694319, 53.471596032461676, 38.86384129846709, 38.95401262398558, 29.035166816952206, 27.051397655545532, 24.256086564472497, 30.297565374211, 35.43733092876465, 37.42110009017133, 64.65284039675383], [29.215509467989182, 44.72497745716862, 28.043282236248874, 10.279531109107303, 2.9756537421100093, 0.36068530207394045, 3.5166816952209197, 12.353471596032461, 22.452660054102797, 49.14337240757439, 72.22723174030659, 61.40667267808837, 44.183949504057715, 36.78990081154193, 31.55996393146979, 25.87917042380523, 29.57619477006312, 43.91343552750225, 65.01352569882776, 62.93958521190262], [15.058611361587015, 22.903516681695223, 36.60955816050496, 31.28944995491434, 4.869251577998197, 0.0, 3.4265103697024344, 13.88638412984671, 16.321009918845807, 35.527502254283135, 52.479711451758334, 83.58881875563571, 58.1605049594229, 39.58521190261497, 32.281334535617674, 34.35527502254283, 33.72407574391343, 59.513074842200176, 100.0, 92.87646528403968], [9.017132551848512, 12.082957619477007, 18.935978358881876, 21.37060414788097, 8.836789900811542, 3.967538322813345, 11.09107303877367, 8.11541929666366, 18.665464382326423, 25.69882777276826, 32.82236248872859, 66.726780883679, 56.80793507664562, 52.66005410279531, 36.78990081154193, 32.281334535617674, 43.01172227231741, 44.454463480613164, 54.01262398557258, 49.6844003606853]], "matrizZT": [[27.141568981064022, 12.984670874661857, 13.615870153291254, 11.81244364292155, 12.353471596032461, 13.165013525698827, 17.673579801623085, 15.689810640216411, 15.599639314697928, 13.796212804328222, 10.36970243462579, 7.484220018034265, 2.3444544634806133, 1.6230838593327321, 5.5906221821460775, 21.46077547339946, 26.600541027953113, 29.215509467989182, 15.058611361587015, 9.017132551848512], [26.330027051397654, 22.903516681695223, 18.665464382326423, 16.771866546438233, 10.279531109107303, 9.467989179440938, 8.205590622182147, 6.943192064923355, 6.311992786293959, 9.558160504959423, 8.025247971145175, 3.4265103697024344, 2.6149684400360687, 1.7132551848512172, 4.2380522993688015, 14.337240757439135, 31.920649233543735, 44.72497745716862, 22.903516681695223, 12.082957619477007], [16.501352569882776, 30.748422001803426, 17.853922452660054, 26.239855725879167, 14.78809738503156, 15.238954012623985, 8.476104598737603, 6.762849413886383, 6.221821460775474, 5.049594229035167, 4.328223624887286, 3.5166816952209197, 2.254283137962128, 1.8935978358881875, 4.2380522993688015, 10.009017132551849, 10.640216411181244, 28.043282236248874, 36.60955816050496, 18.935978358881876], [32.91253381424707, 40.21641118124437, 19.837691614066728, 23.354373309287645, 23.264201983769162, 20.468890892696123, 14.697926059513074, 9.918845807033364, 14.878268710550044, 11.541929666366094, 4.598737601442742, 12.353471596032461, 2.7953110910730388, 2.3444544634806133, 6.4923354373309285, 5.229936880072137, 1.532912533814247, 10.279531109107303, 31.28944995491434, 21.37060414788097], [44.54463480613165, 37.962128043282235, 19.92786293958521, 24.346257889990984, 29.666366095581605, 31.28944995491434, 27.77276825969342, 25.247971145175836, 24.887285843101896, 22.00180342651037, 15.1487826871055, 13.345356176735798, 5.139765554553652, 6.221821460775474, 10.279531109107303, 15.329125338142472, 0.8115419296663661, 2.9756537421100093, 4.869251577998197, 8.836789900811542], [36.15870153291254, 31.28944995491434, 19.56717763751127, 23.17403065825068, 34.17493237150586, 29.57619477006312, 26.600541027953113, 21.46077547339946, 22.36248872858431, 20.108205590622184, 16.140667267808837, 9.377817853922453, 3.606853020739405, 15.599639314697928, 19.47700631199279, 13.615870153291254, 1.2623985572587917, 0.36068530207394045, 0.0, 3.967538322813345], [35.34715960324617, 42.74120829576194, 26.600541027953113, 23.08385933273219, 20.559062218214606, 24.436429215509467, 24.346257889990984, 19.837691614066728, 15.1487826871055, 18.755635707844906, 13.345356176735798, 8.385933273219116, 3.87736699729486, 22.54283137962128, 23.805229936880075, 29.035166816952206, 8.476104598737603, 3.5166816952209197, 3.4265103697024344, 11.09107303877367], [39.13435527502254, 42.83137962128043, 27.051397655545532, 21.731289449954915, 19.74752028854824, 18.935978358881876, 18.665464382326423, 18.394950405770967, 14.337240757439135, 14.878268710550044, 10.9107303877367, 6.672678088367899, 4.869251577998197, 20.91974752028855, 19.47700631199279, 33.543733092876465, 16.23083859332732, 12.353471596032461, 13.88638412984671, 8.11541929666366], [49.14337240757439, 32.82236248872859, 28.133453561767357, 29.846708746618578, 24.61677186654644, 20.28854824165915, 14.337240757439135, 14.066726780883679, 10.9107303877367, 10.73038773669973, 10.36970243462579, 6.762849413886383, 4.959422903516682, 23.264201983769162, 28.4941388638413, 41.2082957619477, 27.77276825969342, 22.452660054102797, 16.321009918845807, 18.665464382326423], [47.790802524797115, 33.81424706943192, 32.01082055906222, 30.387736699729484, 20.91974752028855, 18.214607754733994, 18.394950405770967, 12.804328223624886, 11.27141568981064, 9.287646528403966, 8.746618575293057, 6.582506762849413, 5.500450856627593, 16.140667267808837, 28.85482416591524, 34.08476104598738, 53.38142470694319, 49.14337240757439, 35.527502254283135, 25.69882777276826], [42.83137962128043, 46.077547339945895, 41.56898106402164, 27.68259693417493, 27.051397655545532, 21.46077547339946, 17.132551848512172, 12.804328223624886, 10.9107303877367, 9.558160504959423, 8.476104598737603, 7.123534715960325, 6.131650135256988, 20.37871956717764, 26.510369702434627, 34.5356176735798, 53.471596032461676, 72.22723174030659, 52.479711451758334, 32.82236248872859], [37.240757439134356, 34.71596032461677, 44.093778178539225, 25.87917042380523, 24.526600541027953, 21.28043282236249, 15.1487826871055, 12.804328223624886, 12.353471596032461, 10.009017132551849, 8.926961226330027, 7.664562669071236, 6.853020739404869, 19.56717763751127, 37.69161406672678, 30.928764652840396, 38.86384129846709, 61.40667267808837, 83.58881875563571, 66.726780883679], [28.85482416591524, 31.55996393146979, 37.330928764652846, 26.600541027953113, 22.272317403065824, 17.583408476104598, 15.238954012623985, 14.156898106402164, 12.263300270513977, 10.459873760144275, 9.377817853922453, 8.205590622182147, 8.29576194770063, 22.813345356176736, 39.04418394950406, 33.092876465284036, 38.95401262398558, 44.183949504057715, 58.1605049594229, 56.80793507664562], [26.78088367899008, 25.247971145175836, 26.420198376916144, 21.550946798917945, 19.296663660955815, 17.853922452660054, 15.779981965734896, 14.156898106402164, 12.443642921550948, 10.55004508566276, 9.648331830477908, 8.11541929666366, 17.763751127141568, 23.715058611361588, 28.4941388638413, 32.91253381424707, 29.035166816952206, 36.78990081154193, 39.58521190261497, 52.66005410279531], [29.035166816952206, 26.239855725879167, 23.17403065825068, 21.10009017132552, 19.74752028854824, 17.583408476104598, 16.05049594229035, 14.96844003606853, 12.533814247069433, 11.27141568981064, 9.828674481514877, 8.836789900811542, 16.05049594229035, 17.22272317403066, 18.665464382326423, 22.452660054102797, 27.051397655545532, 31.55996393146979, 32.281334535617674, 36.78990081154193], [32.281334535617674, 31.109107303877366, 25.969341749323714, 22.54283137962128, 19.74752028854824, 17.493237150586115, 16.501352569882776, 13.345356176735798, 12.714156898106403, 10.820559062218214, 9.738503155996394, 12.353471596032461, 16.68169522091975, 19.74752028854824, 22.54283137962128, 24.256086564472497, 24.256086564472497, 25.87917042380523, 34.35527502254283, 32.281334535617674], [37.78178539224527, 33.27321911632101, 26.96122633002705, 24.436429215509467, 21.641118124436428, 18.755635707844906, 15.50946798917944, 15.238954012623985, 13.255184851217313, 11.632100991884581, 10.279531109107303, 15.329125338142472, 19.92786293958521, 22.813345356176736, 26.239855725879167, 24.887285843101896, 30.297565374211, 29.57619477006312, 33.72407574391343, 43.01172227231741], [35.34715960324617, 32.281334535617674, 28.313796212804327, 24.887285843101896, 21.911632100991884, 19.296663660955815, 15.87015329125338, 14.42741208295762, 13.074842200180342, 12.714156898106403, 13.345356176735798, 16.140667267808837, 22.72317403065825, 31.28944995491434, 34.35527502254283, 31.74030658250676, 35.43733092876465, 43.91343552750225, 59.513074842200176, 44.454463480613164], [37.51127141568981, 34.08476104598738, 29.39585211902615, 25.60865644724977, 22.00180342651037, 19.116321009918845, 16.501352569882776, 15.960324616771867, 14.517583408476103, 14.607754733994591, 16.05049594229035, 16.05049594229035, 26.149684400360684, 37.42110009017133, 43.733092876465285, 43.6429215509468, 37.42110009017133, 65.01352569882776, 100.0, 54.01262398557258], [41.8394950405771, 33.63390441839495, 29.666366095581605, 25.788999098286748, 22.272317403065824, 19.296663660955815, 17.493237150586115, 19.296663660955815, 17.673579801623085, 17.763751127141568, 19.657348963029754, 18.034265103697024, 29.756537421100088, 50.04508566275925, 53.832281334535615, 46.979260595130754, 64.65284039675383, 62.93958521190262, 92.87646528403968, 49.6844003606853]], "matrizX": [[0, 0, 0, 0, 0, 0, 0, 0, 0, 0, 0, 0, 0, 0, 0, 0, 0, 0, 0, 0], [10, 10, 10, 10, 10, 10, 10, 10, 10, 10, 10, 10, 10, 10, 10, 10, 10, 10, 10, 10], [20, 20, 20, 20, 20, 20, 20, 20, 20, 20, 20, 20, 20, 20, 20, 20, 20, 20, 20, 20], [30, 30, 30, 30, 30, 30, 30, 30, 30, 30, 30, 30, 30, 30, 30, 30, 30, 30, 30, 30], [40, 40, 40, 40, 40, 40, 40, 40, 40, 40, 40, 40, 40, 40, 40, 40, 40, 40, 40, 40], [50, 50, 50, 50, 50, 50, 50, 50, 50, 50, 50, 50, 50, 50, 50, 50, 50, 50, 50, 50], [60, 60, 60, 60, 60, 60, 60, 60, 60, 60, 60, 60, 60, 60, 60, 60, 60, 60, 60, 60], [70, 70, 70, 70, 70, 70, 70, 70, 70, 70, 70, 70, 70, 70, 70, 70, 70, 70, 70, 70], [80, 80, 80, 80, 80, 80, 80, 80, 80, 80, 80, 80, 80, 80, 80, 80, 80, 80, 80, 80], [90, 90, 90, 90, 90, 90, 90, 90, 90, 90, 90, 90, 90, 90, 90, 90, 90, 90, 90, 90], [100, 100, 100, 100, 100, 100, 100, 100, 100, 100, 100, 100, 100, 100, 100, 100, 100, 100, 100, 100], [110, 110, 110, 110, 110, 110, 110, 110, 110, 110, 110, 110, 110, 110, 110, 110, 110, 110, 110, 110], [120, 120, 120, 120, 120, 120, 120, 120, 120, 120, 120, 120, 120, 120, 120, 120, 120, 120, 120, 120], [130, 130, 130, 130, 130, 130, 130, 130, 130, 130, 130, 130, 130, 130, 130, 130, 130, 130, 130, 130], [140, 140, 140, 140, 140, 140, 140, 140, 140, 140, 140, 140, 140, 140, 140, 140, 140, 140, 140, 140], [150, 150, 150, 150, 150, 150, 150, 150, 150, 150, 150, 150, 150, 150, 150, 150, 150, 150, 150, 150], [160, 160, 160, 160, 160, 160, 160, 160, 160, 160, 160, 160, 160, 160, 160, 160, 160, 160, 160, 160], [170, 170, 170, 170, 170, 170, 170, 170, 170, 170, 170, 170, 170, 170, 170, 170, 170, 170, 170, 170], [180, 180, 180, 180, 180, 180, 180, 180, 180, 180, 180, 180, 180, 180, 180, 180, 180, 180, 180, 180], [190, 190, 190, 190, 190, 190, 190, 190, 190, 190, 190, 190, 190, 190, 190, 190, 190, 190, 190, 190]], "matrizY": [[0, 10, 20, 30, 40, 50, 60, 70, 80, 90, 100, 110, 120, 130, 140, 150, 160, 170, 180, 190], [0, 10, 20, 30, 40, 50, 60, 70, 80, 90, 100, 110, 120, 130, 140, 150, 160, 170, 180, 190], [0, 10, 20, 30, 40, 50, 60, 70, 80, 90, 100, 110, 120, 130, 140, 150, 160, 170, 180, 190], [0, 10, 20, 30, 40, 50, 60, 70, 80, 90, 100, 110, 120, 130, 140, 150, 160, 170, 180, 190], [0, 10, 20, 30, 40, 50, 60, 70, 80, 90, 100, 110, 120, 130, 140, 150, 160, 170, 180, 190], [0, 10, 20, 30, 40, 50, 60, 70, 80, 90, 100, 110, 120, 130, 140, 150, 160, 170, 180, 190], [0, 10, 20, 30, 40, 50, 60, 70, 80, 90, 100, 110, 120, 130, 140, 150, 160, 170, 180, 190], [0, 10, 20, 30, 40, 50, 60, 70, 80, 90, 100, 110, 120, 130, 140, 150, 160, 170, 180, 190], [0, 10, 20, 30, 40, 50, 60, 70, 80, 90, 100, 110, 120, 130, 140, 150, 160, 170, 180, 190], [0, 10, 20, 30, 40, 50, 60, 70, 80, 90, 100, 110, 120, 130, 140, 150, 160, 170, 180, 190], [0, 10, 20, 30, 40, 50, 60, 70, 80, 90, 100, 110, 120, 130, 140, 150, 160, 170, 180, 190], [0, 10, 20, 30, 40, 50, 60, 70, 80, 90, 100, 110, 120, 130, 140, 150, 160, 170, 180, 190], [0, 10, 20, 30, 40, 50, 60, 70, 80, 90, 100, 110, 120, 130, 140, 150, 160, 170, 180, 190], [0, 10, 20, 30, 40, 50, 60, 70, 80, 90, 100, 110, 120, 130, 140, 150, 160, 170, 180, 190], [0, 10, 20, 30, 40, 50, 60, 70, 80, 90, 100, 110, 120, 130, 140, 150, 160, 170, 180, 190], [0, 10, 20, 30, 40, 50, 60, 70, 80, 90, 100, 110, 120, 130, 140, 150, 160, 170, 180, 190], [0, 10, 20, 30, 40, 50, 60, 70, 80, 90, 100, 110, 120, 130, 140, 150, 160, 170, 180, 190], [0, 10, 20, 30, 40, 50, 60, 70, 80, 90, 100, 110, 120, 130, 140, 150, 160, 170, 180, 190], [0, 10, 20, 30, 40, 50, 60, 70, 80, 90, 100, 110, 120, 130, 140, 150, 160, 170, 180, 190], [0, 10, 20, 30, 40, 50, 60, 70, 80, 90, 100, 110, 120, 130, 140, 150, 160, 170, 180, 190]]}