{"matrizZ": [[105.51999999999998, 68.51999999999998, 56.51999999999998, 39.51999999999998, 11.519999999999982, 45.51999999999998, 82.51999999999998, 94.51999999999998, 84.51999999999998, 91.51999999999998, 108.51999999999998, 92.51999999999998, 91.51999999999998, 94.51999999999998, 96.51999999999998], [102.51999999999998, 83.51999999999998, 51.51999999999998, 30.519999999999982, -1.4800000000000182, 55.51999999999998, 83.51999999999998, 90.51999999999998, 74.51999999999998, 80.51999999999998, 77.51999999999998, 93.51999999999998, 68.51999999999998, 65.51999999999998, 61.51999999999998], [74.51999999999998, 66.51999999999998, 47.51999999999998, 25.519999999999982, 0.5199999999999818, 31.519999999999982, 59.51999999999998, 73.51999999999998, 62.51999999999998, 55.51999999999998, 50.51999999999998, 39.51999999999998, 36.51999999999998, 43.51999999999998, 36.51999999999998], [36.51999999999998, 36.51999999999998, 27.519999999999982, -15.480000000000018, 13.519999999999982, 55.51999999999998, 65.51999999999998, 63.51999999999998, 61.51999999999998, 38.51999999999998, 24.519999999999982, 16.519999999999982, 24.519999999999982, 26.519999999999982, 20.519999999999982], [33.51999999999998, 4.519999999999982, -9.480000000000018, -21.480000000000018, 10.519999999999982, 48.51999999999998, 67.51999999999998, 56.51999999999998, 42.51999999999998, 21.519999999999982, 0.5199999999999818, 9.519999999999982, 8.519999999999982, 11.519999999999982, 5.519999999999982], [25.519999999999982, 8.519999999999982, -24.480000000000018, 0.5199999999999818, 52.51999999999998, 54.51999999999998, 26.519999999999982, 7.519999999999982, 3.519999999999982, 3.519999999999982, 4.519999999999982, -1.4800000000000182, -0.4800000000000182, -3.480000000000018, 1.5199999999999818], [35.51999999999998, 1.5199999999999818, -22.480000000000018, -11.480000000000018, 8.519999999999982, 1.5199999999999818, -8.480000000000018, -13.480000000000018, -1.4800000000000182, -9.480000000000018, -3.480000000000018, -4.480000000000018, -10.480000000000018, -19.480000000000018, -7.480000000000018], [20.519999999999982, 18.519999999999982, -30.480000000000018, -26.480000000000018, -22.480000000000018, -19.480000000000018, -22.480000000000018, -28.480000000000018, -26.480000000000018, -21.480000000000018, -17.480000000000018, -10.480000000000018, -16.480000000000018, -19.480000000000018, -11.480000000000018], [1.5199999999999818, -8.480000000000018, -41.48000000000002, -36.48000000000002, -27.480000000000018, -17.480000000000018, -19.480000000000018, -32.48000000000002, -44.48000000000002, -34.48000000000002, -29.480000000000018, -18.480000000000018, -13.480000000000018, -18.480000000000018, -37.48000000000002], [-24.480000000000018, -23.480000000000018, -39.48000000000002, -40.48000000000002, -32.48000000000002, -22.480000000000018, -19.480000000000018, -29.480000000000018, -37.48000000000002, -37.48000000000002, -29.480000000000018, -28.480000000000018, -24.480000000000018, -27.480000000000018, -42.48000000000002], [-29.480000000000018, -38.48000000000002, -45.48000000000002, -38.48000000000002, -42.48000000000002, -24.480000000000018, -29.480000000000018, -32.48000000000002, -36.48000000000002, -44.48000000000002, -39.48000000000002, -28.480000000000018, -11.480000000000018, -37.48000000000002, -42.48000000000002], [-42.48000000000002, -32.48000000000002, -41.48000000000002, -43.48000000000002, -36.48000000000002, -29.480000000000018, -27.480000000000018, -41.48000000000002, -37.48000000000002, -50.48000000000002, -45.48000000000002, -43.48000000000002, -16.480000000000018, -23.480000000000018, -48.48000000000002], [-43.48000000000002, -53.48000000000002, -48.48000000000002, -51.48000000000002, -37.48000000000002, -47.48000000000002, -51.48000000000002, -48.48000000000002, -44.48000000000002, -46.48000000000002, -48.48000000000002, -44.48000000000002, -27.480000000000018, -28.480000000000018, -43.48000000000002], [-51.48000000000002, -51.48000000000002, -50.48000000000002, -49.48000000000002, -47.48000000000002, -48.48000000000002, -47.48000000000002, -49.48000000000002, -45.48000000000002, -45.48000000000002, -43.48000000000002, -42.48000000000002, -42.48000000000002, 6.519999999999982, -0.4800000000000182], [-53.48000000000002, -52.48000000000002, -53.48000000000002, -49.48000000000002, -54.48000000000002, -50.48000000000002, -45.48000000000002, -13.480000000000018, 6.519999999999982, -13.480000000000018, -20.480000000000018, -30.480000000000018, -5.480000000000018, 33.51999999999998, 65.51999999999998]], "matrizZT": [[105.51999999999998, 102.51999999999998, 74.51999999999998, 36.51999999999998, 33.51999999999998, 25.519999999999982, 35.51999999999998, 20.519999999999982, 1.5199999999999818, -24.480000000000018, -29.480000000000018, -42.48000000000002, -43.48000000000002, -51.48000000000002, -53.48000000000002], [68.51999999999998, 83.51999999999998, 66.51999999999998, 36.51999999999998, 4.519999999999982, 8.519999999999982, 1.5199999999999818, 18.519999999999982, -8.480000000000018, -23.480000000000018, -38.48000000000002, -32.48000000000002, -53.48000000000002, -51.48000000000002, -52.48000000000002], [56.51999999999998, 51.51999999999998, 47.51999999999998, 27.519999999999982, -9.480000000000018, -24.480000000000018, -22.480000000000018, -30.480000000000018, -41.48000000000002, -39.48000000000002, -45.48000000000002, -41.48000000000002, -48.48000000000002, -50.48000000000002, -53.48000000000002], [39.51999999999998, 30.519999999999982, 25.519999999999982, -15.480000000000018, -21.480000000000018, 0.5199999999999818, -11.480000000000018, -26.480000000000018, -36.48000000000002, -40.48000000000002, -38.48000000000002, -43.48000000000002, -51.48000000000002, -49.48000000000002, -49.48000000000002], [11.519999999999982, -1.4800000000000182, 0.5199999999999818, 13.519999999999982, 10.519999999999982, 52.51999999999998, 8.519999999999982, -22.480000000000018, -27.480000000000018, -32.48000000000002, -42.48000000000002, -36.48000000000002, -37.48000000000002, -47.48000000000002, -54.48000000000002], [45.51999999999998, 55.51999999999998, 31.519999999999982, 55.51999999999998, 48.51999999999998, 54.51999999999998, 1.5199999999999818, -19.480000000000018, -17.480000000000018, -22.480000000000018, -24.480000000000018, -29.480000000000018, -47.48000000000002, -48.48000000000002, -50.48000000000002], [82.51999999999998, 83.51999999999998, 59.51999999999998, 65.51999999999998, 67.51999999999998, 26.519999999999982, -8.480000000000018, -22.480000000000018, -19.480000000000018, -19.480000000000018, -29.480000000000018, -27.480000000000018, -51.48000000000002, -47.48000000000002, -45.48000000000002], [94.51999999999998, 90.51999999999998, 73.51999999999998, 63.51999999999998, 56.51999999999998, 7.519999999999982, -13.480000000000018, -28.480000000000018, -32.48000000000002, -29.480000000000018, -32.48000000000002, -41.48000000000002, -48.48000000000002, -49.48000000000002, -13.480000000000018], [84.51999999999998, 74.51999999999998, 62.51999999999998, 61.51999999999998, 42.51999999999998, 3.519999999999982, -1.4800000000000182, -26.480000000000018, -44.48000000000002, -37.48000000000002, -36.48000000000002, -37.48000000000002, -44.48000000000002, -45.48000000000002, 6.519999999999982], [91.51999999999998, 80.51999999999998, 55.51999999999998, 38.51999999999998, 21.519999999999982, 3.519999999999982, -9.480000000000018, -21.480000000000018, -34.48000000000002, -37.48000000000002, -44.48000000000002, -50.48000000000002, -46.48000000000002, -45.48000000000002, -13.480000000000018], [108.51999999999998, 77.51999999999998, 50.51999999999998, 24.519999999999982, 0.5199999999999818, 4.519999999999982, -3.480000000000018, -17.480000000000018, -29.480000000000018, -29.480000000000018, -39.48000000000002, -45.48000000000002, -48.48000000000002, -43.48000000000002, -20.480000000000018], [92.51999999999998, 93.51999999999998, 39.51999999999998, 16.519999999999982, 9.519999999999982, -1.4800000000000182, -4.480000000000018, -10.480000000000018, -18.480000000000018, -28.480000000000018, -28.480000000000018, -43.48000000000002, -44.48000000000002, -42.48000000000002, -30.480000000000018], [91.51999999999998, 68.51999999999998, 36.51999999999998, 24.519999999999982, 8.519999999999982, -0.4800000000000182, -10.480000000000018, -16.480000000000018, -13.480000000000018, -24.480000000000018, -11.480000000000018, -16.480000000000018, -27.480000000000018, -42.48000000000002, -5.480000000000018], [94.51999999999998, 65.51999999999998, 43.51999999999998, 26.519999999999982, 11.519999999999982, -3.480000000000018, -19.480000000000018, -19.480000000000018, -18.480000000000018, -27.480000000000018, -37.48000000000002, -23.480000000000018, -28.480000000000018, 6.519999999999982, 33.51999999999998], [96.51999999999998, 61.51999999999998, 36.51999999999998, 20.519999999999982, 5.519999999999982, 1.5199999999999818, -7.480000000000018, -11.480000000000018, -37.48000000000002, -42.48000000000002, -42.48000000000002, -48.48000000000002, -43.48000000000002, -0.4800000000000182, 65.51999999999998]], "matrizX": [[0, 0, 0, 0, 0, 0, 0, 0, 0, 0, 0, 0, 0, 0, 0], [1, 1, 1, 1, 1, 1, 1, 1, 1, 1, 1, 1, 1, 1, 1], [2, 2, 2, 2, 2, 2, 2, 2, 2, 2, 2, 2, 2, 2, 2], [3, 3, 3, 3, 3, 3, 3, 3, 3, 3, 3, 3, 3, 3, 3], [4, 4, 4, 4, 4, 4, 4, 4, 4, 4, 4, 4, 4, 4, 4], [5, 5, 5, 5, 5, 5, 5, 5, 5, 5, 5, 5, 5, 5, 5], [6, 6, 6, 6, 6, 6, 6, 6, 6, 6, 6, 6, 6, 6, 6], [7, 7, 7, 7, 7, 7, 7, 7, 7, 7, 7, 7, 7, 7, 7], [8, 8, 8, 8, 8, 8, 8, 8, 8, 8, 8, 8, 8, 8, 8], [9, 9, 9, 9, 9, 9, 9, 9, 9, 9, 9, 9, 9, 9, 9], [10, 10, 10, 10, 10, 10, 10, 10, 10, 10, 10, 10, 10, 10, 10], [11, 11, 11, 11, 11, 11, 11, 11, 11, 11, 11, 11, 11, 11, 11], [12, 12, 12, 12, 12, 12, 12, 12, 12, 12, 12, 12, 12, 12, 12], [13, 13, 13, 13, 13, 13, 13, 13, 13, 13, 13, 13, 13, 13, 13], [14, 14, 14, 14, 14, 14, 14, 14, 14, 14, 14, 14, 14, 14, 14]], "matrizY": [[0, 1, 2, 3, 4, 5, 6, 7, 8, 9, 10, 11, 12, 13, 14], [0, 1, 2, 3, 4, 5, 6, 7, 8, 9, 10, 11, 12, 13, 14], [0, 1, 2, 3, 4, 5, 6, 7, 8, 9, 10, 11, 12, 13, 14], [0, 1, 2, 3, 4, 5, 6, 7, 8, 9, 10, 11, 12, 13, 14], [0, 1, 2, 3, 4, 5, 6, 7, 8, 9, 10, 11, 12, 13, 14], [0, 1, 2, 3, 4, 5, 6, 7, 8, 9, 10, 11, 12, 13, 14], [0, 1, 2, 3, 4, 5, 6, 7, 8, 9, 10, 11, 12, 13, 14], [0, 1, 2, 3, 4, 5, 6, 7, 8, 9, 10, 11, 12, 13, 14], [0, 1, 2, 3, 4, 5, 6, 7, 8, 9, 10, 11, 12, 13, 14], [0, 1, 2, 3, 4, 5, 6, 7, 8, 9, 10, 11, 12, 13, 14], [0, 1, 2, 3, 4, 5, 6, 7, 8, 9, 10, 11, 12, 13, 14], [0, 1, 2, 3, 4, 5, 6, 7, 8, 9, 10, 11, 12, 13, 14], [0, 1, 2, 3, 4, 5, 6, 7, 8, 9, 10, 11, 12, 13, 14], [0, 1, 2, 3, 4, 5, 6, 7, 8, 9, 10, 11, 12, 13, 14], [0, 1, 2, 3, 4, 5, 6, 7, 8, 9, 10, 11, 12, 13, 14]]}